49.721630773721515, 4.503546999999999;
49.31604006466745, 0.8514349056103019;
50.7228794701724, -2.766469312204755;
51.165640279215616, -4.662916369634214;
48.95398572936135, -1.3507899783846231;
51.165640279215616, -4.662916369634214;
51.116795093224674, 3.3239296706662023;
51.74482156380596, -2.2801621264259637;
49.67101707804955, 1.2398378692203782;
45.42356371177487, 1.5805489614865496;
47.339872669109276, -0.04149656194640282;
46.95433598269883, 1.0885026061687435;
47.50372403194497, -2.7502045576708136;
55.54991183783473, -2.7163153483708773;
46.83513855193702, -0.8616560428331916;
45.229540221278185, 0.36099795212726365;
49.060439016844995, 0.7931652245380373